주식 차트 100!!
순위 종목명 현재가 전일비 등락률 거래량 거래대금 매수호가 매도호가 시가총액 PER ROE
1 KODEX 200선물인버스2X 2,665 45 -1.66% 127,661,675 342,200 2,660 2,665 20,089 N/A N/A
2 부산주공 1,280 140 +12.28% 99,538,772 124,485 1,290 1,295 844 -7.23 -47.16
3 한창 1,180 65 -5.22% 54,565,587 68,627 1,185 1,190 788 -3.23 -66.20
4 삼성 인버스 2X WTI원유 선물 ETN 115 0 0.00% 45,152,781 4,970 110 115 1,492 N/A N/A
5 대한제당 4,650 665 +16.69% 39,324,041 183,906 4,685 4,690 4,171 35.77 4.08
6 KODEX 코스닥150선물인버스 4,595 120 -2.55% 32,215,176 149,884 4,595 4,600 4,361 N/A N/A
7 KODEX 인버스 4,475 45 -1.00% 20,040,863 90,108 4,475 4,480 7,930 N/A N/A
8 무림페이퍼 3,350 525 +18.58% 19,204,100 66,686 3,375 3,380 1,394 -33.84 -1.61
9 마니커 2,005 30 +1.52% 19,114,638 40,803 2,005 2,010 1,273 -1.65 -83.92
10 대한전선 2,115 10 +0.48% 17,367,629 36,695 2,110 2,115 26,321 49.19 7.78
11 대원화성 3,255 165 +5.34% 16,975,606 57,750 3,265 3,270 1,343 -19.15 -9.53
12 KODEX 레버리지 18,285 315 +1.75% 12,782,325 232,107 18,285 18,290 22,143 N/A N/A
13 백광산업 5,480 360 +7.03% 12,636,831 71,449 5,470 5,480 2,462 13.33 8.12
14 KODEX 코스닥150레버리지 10,920 505 +4.85% 11,107,797 118,577 10,905 10,910 9,249 N/A N/A
15 삼성전자 66,900 400 +0.60% 10,455,186 695,045 66,800 66,900 3,993,785 10.50 13.92
16 보락 2,045 145 +7.63% 7,445,519 15,511 2,055 2,060 1,225 61.97 3.79
17 TIGER 200선물인버스2X 2,780 55 -1.94% 7,310,444 20,510 2,780 2,785 1,151 N/A N/A
18 페이퍼코리아 2,165 170 +8.52% 6,843,446 15,237 2,170 2,175 1,030 13.62 25.18
19 사조동아원 2,140 40 -1.83% 6,575,328 14,189 2,145 2,150 3,020 93.04 1.13
20 이수페타시스 8,060 800 +11.02% 6,572,469 51,588 8,070 8,080 5,098 33.03 -3.78
21 광명전기 3,510 95 +2.78% 5,935,712 20,987 3,440 3,450 1,521 18.97 5.54
22 다스코 6,770 70 +1.04% 5,843,376 41,093 6,800 6,810 1,143 -45.13 -2.02
23 대한제당우 4,545 490 +12.08% 4,878,024 22,465 4,560 4,565 295 34.96 N/A
24 한창제지 2,105 70 +3.44% 4,860,657 10,502 2,105 2,110 1,256 8.96 14.78
25 웅진 1,965 15 +0.77% 4,802,524 9,812 1,980 1,985 1,571 6.80 49.76
26 세원이앤씨 725 5 -0.68% 4,612,898 3,434 712 713 1,136 -42.65 -1.44
27 TIGER 차이나전기차SOLACTIVE 13,070 290 -2.17% 4,288,862 56,263 13,055 13,060 33,030 N/A N/A
28 TYM 3,025 5 +0.17% 4,278,749 12,913 3,020 3,025 4,609 16.01 14.28
29 무림P&P 4,650 185 +4.14% 4,131,172 20,111 4,675 4,680 2,900 9.85 3.09
30 TIGER 단기통안채 100,875 5 0.00% 3,937,588 397,223 100,875 100,880 17,137 N/A N/A
31 경인양행 7,080 270 +3.96% 3,623,247 26,533 7,060 7,070 2,946 11.17 11.10
32 쌍방울 632 1 +0.16% 3,617,452 2,274 633 634 1,660 -8.66 -8.37
33 수산중공업 4,085 100 +2.51% 3,585,074 14,715 4,095 4,100 2,205 19.36 10.10
34 신한 인버스 2X 천연가스 선물 ETN 275 0 0.00% 2,985,786 815 270 275 398 N/A N/A
35 SK하이닉스 108,000 500 -0.46% 2,956,970 320,099 108,000 108,500 786,243 7.42 16.84
36 서울식품 298 1 +0.34% 2,865,672 850 297 298 1,117 -29.80 -21.25
37 KODEX WTI원유선물인버스(H) 4,145 85 -2.01% 2,796,128 11,618 4,145 4,150 1,717 N/A N/A
38 금호전기 2,865 305 +11.91% 2,723,572 7,826 2,790 2,795 598 -3.97 -41.79
39 고려산업 7,030 330 -4.48% 2,697,692 19,334 7,100 7,110 1,753 34.13 4.32
40 HMM 32,400 150 +0.47% 2,591,964 84,242 32,450 32,500 158,449 1.66 88.62
41 혜인 9,030 380 -4.04% 2,560,708 23,770 9,060 9,070 1,148 20.95 4.98
42 KODEX 코스닥150 12,415 295 +2.43% 2,404,706 29,534 12,400 12,405 5,947 N/A N/A
43 팬오션 7,970 120 -1.48% 2,404,675 19,332 7,970 7,980 42,605 6.48 17.16
44 KODEX 200 34,790 340 +0.99% 2,318,243 80,320 34,785 34,790 49,384 N/A N/A
45 HLB글로벌 12,200 400 +3.39% 2,315,781 28,813 12,250 12,300 5,144 -46.74 -12.23
46 일진홀딩스 5,740 170 -2.88% 2,258,502 13,350 5,720 5,730 2,833 14.10 5.68
47 에쓰씨엔지니어링 2,910 145 +5.24% 2,219,419 6,721 2,955 2,965 906 -12.44 N/A
48 IHQ 928 50 -5.11% 2,136,362 1,980 928 930 1,405 -13.45 -8.70
49 깨끗한나라 4,365 140 +3.31% 2,130,217 9,751 4,365 4,370 1,626 22.73 3.75
50 일진머티리얼즈 84,600 9,300 -9.90% 2,118,124 177,793 85,200 85,300 39,010 54.79 7.85
51 KEC 3,355 55 +1.67% 2,095,332 6,937 3,350 3,355 4,856 41.94 4.41
52 한신기계 11,150 0 0.00% 2,086,701 23,271 11,150 11,200 3,618 108.25 4.86
53 파미셀 14,850 550 -3.57% 1,964,829 29,356 14,750 14,800 8,904 71.05 15.54
54 대한해운 3,030 45 -1.46% 1,935,709 5,919 3,035 3,040 9,671 3.58 23.91
55 대우건설 6,540 220 +3.48% 1,929,986 12,459 6,520 6,530 27,182 5.33 16.47
56 신풍제지 2,055 60 +3.01% 1,916,047 4,155 2,080 2,085 718 -5.72 -10.55
57 TIGER 2차전지테마 20,695 85 -0.41% 1,895,328 38,936 20,660 20,665 13,048 N/A N/A
58 후성 25,600 300 +1.19% 1,856,808 47,353 25,500 25,550 23,707 38.67 9.61
59 에이프로젠 MED 1,630 40 +2.52% 1,834,593 2,972 1,625 1,630 3,347 -27.63 -5.50
60 KODEX 2차전지산업 19,930 30 +0.15% 1,830,892 36,236 19,895 19,900 13,094 N/A N/A
61 조일알미늄 2,360 70 +3.06% 1,825,936 4,200 2,335 2,340 2,955 8.11 11.25
62 모나리자 4,160 50 -1.19% 1,780,551 7,745 4,175 4,180 1,521 42.89 4.46
63 이아이디 1,655 45 -2.65% 1,731,457 2,763 1,600 1,605 1,557 43.55 2.44
64 삼부토건 2,100 20 -0.94% 1,720,239 3,611 2,095 2,100 3,941 35.59 3.67
65 TRUE 인버스 2X 천연가스 선물 ETN(H) 525 15 -2.78% 1,706,373 896 520 525 242 N/A N/A
66 한국항공우주 50,700 2,450 +5.08% 1,702,359 85,470 50,700 50,800 49,420 55.90 5.19
67 성안 509 27 +5.60% 1,690,710 838 500 501 289 1.19 87.37
68 두산에너빌리티 20,050 100 -0.50% 1,685,543 33,849 20,050 20,100 126,759 30.06 10.67
69 신한 인버스 2X 천연가스 선물 ETN(H) 175 0 0.00% 1,675,465 286 170 175 262 N/A N/A
70 금호에이치티 1,280 20 +1.59% 1,568,308 1,985 1,280 1,285 2,547 -10.24 -6.25
71 퍼스텍 4,230 30 -0.70% 1,566,935 6,710 4,245 4,250 2,033 70.50 8.79
72 신한 인버스 2X WTI원유 선물 ETN(H) 105 0 0.00% 1,550,377 157 100 105 560 N/A N/A
73 TIGER 원유선물인버스(H) 2,890 60 -2.03% 1,467,264 4,247 2,885 2,890 2,043 N/A N/A
74 GS글로벌 3,675 0 0.00% 1,375,336 5,070 3,665 3,670 3,033 9.42 7.56
75 삼성중공업 5,580 10 +0.18% 1,346,063 7,488 5,580 5,590 49,104 -4.14 -36.89
76 한국전력 23,550 50 +0.21% 1,331,397 31,395 23,500 23,550 151,183 -1.33 -7.99
77 신일전자 2,395 25 -1.03% 1,324,372 3,174 2,390 2,395 1,702 24.44 10.11
78 QV 인버스 레버리지 WTI원유 선물 ETN(H) 95 5 -5.00% 1,213,817 115 90 95 114 N/A N/A
79 SH에너지화학 1,175 10 -0.84% 1,210,835 1,434 1,170 1,175 1,306 58.75 0.69
80 카카오뱅크 40,850 1,450 +3.68% 1,170,157 47,442 40,800 40,850 194,551 87.47 4.91
81 TIGER 200 34,840 305 +0.88% 1,164,866 40,503 34,840 34,845 18,291 N/A N/A
82 에이프로젠제약 663 2 +0.30% 1,147,450 758 662 664 2,643 28.83 1.60
83 한국카본 13,000 900 +7.44% 1,129,423 14,431 12,950 13,000 5,715 56.52 3.73
84 우리금융지주 14,850 50 +0.34% 1,127,381 16,750 14,750 14,800 108,117 4.16 10.59
85 한화생명 2,470 70 +2.92% 1,064,211 2,595 2,465 2,470 21,453 1.80 10.79
86 대영포장 2,200 35 +1.62% 1,053,342 2,360 2,195 2,200 2,385 37.29 6.26
87 일진디스플 2,200 105 -4.56% 950,986 2,071 2,185 2,190 1,133 -2.63 -223.37
88 KG스틸 16,650 0 0.00% 913,560 15,148 16,750 16,800 16,651 8.73 17.99
89 SK증권 800 0 0.00% 872,341 697 799 800 3,781 9.52 6.77
90 한솔로지스틱스 4,150 55 +1.34% 858,129 3,588 4,145 4,150 1,140 4.08 35.28
91 메리츠증권 6,180 180 +3.00% 850,647 5,191 6,170 6,180 40,775 5.30 15.77
92 카카오 81,600 1,000 +1.24% 848,443 68,821 81,300 81,400 362,376 14.70 17.10
93 우진 12,450 200 -1.58% 846,392 10,457 12,450 12,500 2,530 19.54 -5.40
94 TIGER 코스닥150선물인버스 4,695 115 -2.39% 846,269 4,026 4,695 4,700 256 N/A N/A
95 KB금융 59,900 500 +0.84% 843,935 50,430 59,800 59,900 246,999 5.65 9.80
96 TIGER 미국필라델피아반도체나스닥 9,705 20 +0.21% 837,245 8,079 9,685 9,690 13,213 N/A N/A
97 KT 36,850 950 +2.65% 828,606 30,274 36,750 36,800 96,220 6.57 9.36
98 TIGER 차이나항셍테크 5,645 5 -0.09% 821,841 4,584 5,645 5,655 3,331 N/A N/A
99 대성산업 6,270 40 +0.64% 805,055 5,006 6,270 6,280 2,836 -4.65 -12.67
100 TIGER 인버스 4,990 45 -0.89% 803,172 4,015 4,985 4,990 748 N/A N/A
